73042	820665	261129	417594	279525
547460	849157	327873	670347	872903
311253	120953	62562	918224	980851
284044	992594	475867	318908	364918
358624	72704	155931	478650	917400
421136	592700	676291	650977	647517
700331	123804	254865	427938	890763
38277	967446	853176	550221	222041
259825	14606	919400	316932	382048
174818	510564	315421	503341	263537
770523	835844	65685	767441	904888
7831	188578	218381	664680	957861
992954	664445	333242	281311	69845
781653	923133	768835	725093	328738
531884	597562	760453	502758	687241
447111	140972	584375	638497	997687
191658	746022	296	363025	107184
761896	466078	491942	4043	153934
789835	166531	314515	521248	238559
670406	375583	321753	113349	182359
298780	825223	939394	931113	149502
810120	404476	171508	182331	237256
266947	747293	225474	590855	488830
76482	5018	219131	29270	261916
618718	352585	921110	601111	942649
197995	435443	693919	900661	269410
930779	191152	110578	289971	682890
76600	497616	354201	75038	216084
147457	639022	441543	423374	462323
988985	267579	673002	569272	679418
813896	453811	246487	310919	508402
119100	10169	305763	158370	210082
390813	256429	111138	545609	49602
785432	440310	830538	555488	211217
890706	611182	753265	328537	212382
310405	222445	845409	867188	496781
135061	978506	579079	287227	427394
597058	975744	611858	850884	385310
416046	459967	665208	604035	972696
143256	820427	46409	799919	379744
676713	832603	67078	149439	905842
725823	187471	128244	452572	70527
806855	850384	469025	404178	74741
532945	309547	939739	514717	520042
446037	402508	896726	408072	996198
780303	834832	447587	311433	951274
191429	671544	71114	261278	56795
20636	193548	834537	532186	147687
400531	800861	803088	855662	626697
951945	986929	281035	362458	352237
85259	937045	728447	216177	118171
263025	323623	246867	406945	818369
416090	784851	643218	165088	175569
516345	594475	337046	104817	101707
840156	990451	878355	24132	240704
799643	467876	887894	517138	221068
322115	660847	546767	776121	428817
426333	832645	256335	717950	38806
613777	966128	657081	96861	802756
596523	786265	929185	27496	160599
808125	575479	922005	409082	341205
467633	594906	328514	16552	502420
624709	242468	660944	438849	952111
657261	364707	618910	546303	544399
836	23269	389183	129596	244514
402457	858815	116401	517094	727388
504973	750523	587255	634500	735213
660394	51409	175334	616913	191412
396310	404565	550999	177566	330183
978090	82726	365079	75297	852609
448383	791431	190276	713414	859320
74006	630249	529558	980233	305748
641137	123373	989763	40788	195515
357149	637737	563409	904821	320614
273419	269229	53095	966091	83680
366785	965367	115169	145269	388465
8552	815995	29689	485745	42184
517149	713769	573255	36736	224218
974826	188016	735649	714360	756024
410484	68724	298311	715563	647541
288527	394935	101424	517701	385070
371614	317224	451578	613225	30645
50996	981215	719215	808427	771229
299691	58563	242440	843214	498506
646629	102914	680958	208975	302967
596821	391315	60072	324016	476284
511422	474865	254864	463739	89712
523468	193111	912717	615123	730028
500261	134950	599633	475265	839388
667761	435812	891658	326000	266863
690314	372302	649054	931062	539277
973215	232003	394118	448331	135610
708044	87904	726656	421208	450534
839260	182528	879591	648163	265517
48141	49239	763592	614746	79352
269248	622923	855883	5591	616158
298827	54200	55056	209860	588189
436899	544686	675213	92101	653600
874333	812911	314552	765100	954119
326840	143342	945645	367700	119553
772969	126558	812228	677686	738877
380740	54580	487402	553825	625860
588112	620391	553967	525489	50950
172816	586824	806717	225245	55558
705409	788463	273143	704179	122675
452871	432286	323491	826381	141421
124714	243421	89450	59333	995855
78864	96341	419588	981427	106197
318879	863536	138711	597933	709074
793530	433469	19380	969630	748163
532559	16549	103357	649883	715074
717889	499739	696905	507036	931723
222680	795278	609470	741555	568604
64982	254547	592268	180770	332715
578032	514800	884244	940679	66131
46886	236116	9785	190107	305132
373119	302743	85754	636490	196016
820597	264007	592299	984825	171924
870311	293408	762677	159803	142506
142482	101631	961279	67822	235943
351076	957956	511975	942258	330612
176422	535460	208070	461671	433098
65663	484951	227295	482446	28185
54051	89227	989257	318146	116163
209065	236527	573876	115341	513401
993498	506361	972514	539911	28063
879565	684737	681479	29705	669797
646608	688368	844890	670424	633033
235708	984235	37107	507607	936911
212404	568652	189734	922004	987040
132574	325321	787443	401811	839760
612485	643720	761631	536300	526034
207112	385142	793696	31253	65997
624091	230763	846061	718514	235249
830044	533726	507083	737473	377760
840471	475661	346294	528498	352672
239291	247112	580323	331732	92449
457788	152532	542993	306892	995102
961570	25340	433411	165615	177195
899470	697093	888669	361467	556324
554511	55832	570416	862077	753600
889129	249059	730839	210683	454983
213387	136275	762164	683061	299235
320462	238365	888545	893635	597696
127664	937656	642257	144311	623785
135857	296523	834478	236560	61649
685307	248935	58633	431425	422970
99013	493590	284723	201050	321191
105442	214097	733382	461954	120317
674456	587881	607277	795834	704289
311386	252995	662533	604085	610381
380718	126178	43628	520325	679542
280755	149012	68290	21078	229483
308424	984647	953157	805244	182265
944657	743561	518576	699397	338637
856323	576743	737048	117389	728391
140682	272584	456554	629541	689989
849589	723783	297793	503968	578367
462478	148385	589216	851788	417842
942051	801879	433575	288436	887030
149749	646922	171134	348096	264196
250438	515380	361421	530072	407279
786411	567313	80778	363647	710890
301455	177138	69895	640582	183256
167664	556985	105406	406619	543402
809816	168591	933963	166989	944177
573095	933557	678657	385013	175213
275220	738477	398149	640037	894078
394299	607191	62848	771396	17341
132096	627216	617940	329173	423789
251025	364202	683313	148747	652094
303784	571505	91558	33998	822727
547576	129951	431873	658538	619455
331698	552232	376737	918293	847749
700346	982126	566522	351527	972742
383370	643179	742405	376905	389583
634721	7010	201700	151587	636796
176986	43919	681831	816939	353645
748736	540758	865549	362293	922234
43865	235240	242679	297934	132800
420077	734780	908280	572623	853033
212186	192006	77183	169323	709307
654049	487211	406	381387	221528
640053	251249	31784	302995	554010
828783	144884	718734	797237	792235
128668	919459	701328	990473	963179
833130	909179	790190	729914	141824
803855	274444	448876	501394	979291
608928	588168	653727	642269	298739
965875	639631	570139	808738	419971
723113	917672	765582	36947	671391
664821	631158	22734	775132	44172
506630	404895	504665	910915	716536
454522	634004	905868	876114	528107
525601	604134	486801	606569	62829
540705	601175	123813	129692	180698
114406	953379	440131	819234	858058
658539	126833	230586	600185	474529
118845	573849	752735	145781	21881
314540	866199	215641	950254	632593
729605	742093	230496	742921	237989
966947	108893	993397	654537	841021
663538	896819	587606	259289	560263
454724	879829	331416	24459	480331
604431	142393	114059	272529	464745
547573	828730	442974	248795	247245
732224	393428	216963	860865	786094
359470	113610	770149	388868	517406
121723	966695	247560	42601	47159
504473	173109	43007	639249	274139
149068	614835	762892	142163	152286
524570	536517	292135	32399	513971
643370	476320	127251	300173	124206
727339	176669	415944	594040	741430
120747	380373	238718	68161	934898
541795	740286	234769	885980	312828
188769	472696	817299	5895	412737
49649	156783	841652	585631	272582
757892	709369	26369	286007	153089
340705	434829	491353	501380	602442
616161	665111	542343	904728	994871
233070	703678	998772	614445	964234
358493	899571	659533	474816	209394
280244	389048	504329	341407	501944
32960	490538	985423	54754	634704
778000	171170	437665	92022	597939
741994	164536	33777	183299	412985
867332	970709	134640	176571	322717
271995	891926	835635	450032	373814
862843	552799	346264	564975	597438
357714	490513	856149	715903	208976
687661	53746	682205	175881	638530
323324	541709	814896	601632	434535
877712	588199	592865	792153	202872
13221	949842	768784	128617	583625
753815	967195	792685	640931	719983
769148	594394	651206	870217	16955
31377	634117	623291	648982	601592
223762	900564	813962	193041	497896
233219	637389	668835	887710	605126
60655	626186	21254	929109	812671
215833	361385	69448	491049	894146
987036	677613	876964	940913	116447
735506	111053	188499	264166	703803
15482	282545	861311	881007	419557
135186	181470	840898	634990	594442
682532	202110	948685	608221	579425
498249	690948	754092	975857	450715
186424	902639	392348	679286	752452
925789	275538	834856	703726	835857
362589	419437	206308	222379	825156
635066	751798	126487	758245	29756
319856	381788	339049	192079	980920
159592	313772	721003	180515	236929
930002	377732	298732	352746	81863
972841	426045	784526	284576	779137
890150	195061	648686	847309	538568
408502	443819	429411	206088	185564
823729	780022	127016	111719	65872
677230	461258	858905	587420	257024
157935	133882	686481	846226	375114
724817	549596	543466	208181	169423
629003	825334	131426	441346	333104
532464	741066	220691	907045	986009
521602	532060	605085	898856	323372
66533	116377	333796	915519	934225
885213	696134	229183	235513	111458
896383	997723	314492	676680	417309
773730	129091	214913	185193	488258
813880	638861	761739	848121	940739
649537	904758	930094	747662	126809
526432	969350	851332	148274	275393
169755	515698	853511	428067	882528
820453	106228	455964	656222	78823
447426	522791	655379	654475	165051
234809	306797	206037	687284	482315
207981	763594	451003	429605	539303
537919	834374	536991	425554	597226
794441	40311	210110	52159	194129
768593	657918	237883	361343	76047
461847	308033	632486	768320	156821
479575	338160	210849	659137	421355
192563	284310	665549	859351	603713
589027	527081	370514	105382	874534
303985	191945	195712	290813	918664
993401	18722	867098	148382	243759
797475	900990	225560	663522	708160
608264	166050	649483	75838	673099
800996	924051	380376	205946	553906
792847	490513	847320	839909	778244
450738	627599	244815	599768	325950
692608	606983	443456	330076	458143
638066	77826	395936	228449	524341
62376	133896	666505	243245	992971
877964	442159	812743	447850	536646
571659	197824	210165	194987	452574
812107	385190	618785	211433	603925
98628	494706	261385	481535	794361
261329	460028	870329	444860	51720
875734	433088	656870	379128	483297
928417	787848	930403	7468	739407
884421	749559	2562	340599	102252
424568	373733	200462	84500	230466
392539	687324	944153	129387	226010
528787	603740	150785	924607	174200
105060	520138	730342	905287	398657
193571	223976	506386	690985	894211
86119	582273	244056	983465	703731
598681	414763	286827	55342	5489
321165	514312	146778	471740	185025
289609	805916	280004	630234	553420
733484	651973	75806	517849	234046
557308	77285	967481	428855	417287
449683	939800	330955	530876	916403
838305	692	360461	370593	907487
664341	338180	540275	194499	818488
746167	638603	934357	597491	788401
9776	658669	799973	520282	949653
724467	208630	558139	393810	984355
301406	511486	866709	966811	870338
440720	42562	282133	192434	435915
44733	815586	729352	177628	81051
940851	550885	631322	400299	976086
728282	661668	539846	433088	37418
327374	516431	101754	588806	498898
502570	237720	95467	948049	349112
860195	433424	774048	195630	120354
466296	820208	751559	774768	218788
419843	903404	758449	912879	46722
937650	666158	485755	244598	516993
819998	129488	639881	117168	744587
145030	698989	965484	574298	101777
318566	458911	968532	849681	644322
50487	986299	563565	630633	876021
476789	191604	568744	263689	872504
125570	750068	809129	168688	111130
16930	882742	68181	40925	381578
95481	54088	730678	650087	809190
919119	332279	551741	564974	788381
289676	66691	775091	286522	840149
464143	852907	781141	447212	82806
407060	301157	427128	505283	953156
823357	529140	222111	781860	411113
821690	708539	727605	512487	878150
26847	608531	716541	745043	831887
882124	356011	152313	349206	714427
627644	974548	256220	871180	571924
616162	204143	729429	372495	747212
712055	558669	612889	168599	391927
205792	124370	888514	774812	530643
425900	397163	398490	578157	219878
649445	806840	812228	406715	82588
163919	20678	307329	221556	309576
536239	478458	993355	442211	135473
172440	38989	564569	852474	826510
449847	775709	748896	36474	431939
54481	477458	134467	991939	959019
356174	947261	814644	604194	326722
143109	64765	965466	262584	403857
336301	962625	79146	924820	474302
886167	113612	822129	537482	320259
847188	505838	56785	105701	911955
595802	757762	874265	782123	738421
872792	3465	153924	266540	714811
676615	296246	753543	764127	226070
70053	280715	106708	581075	497518
775208	104276	182469	953546	330951
232175	740222	110647	533502	60399
475002	522157	541052	64147	169644
596094	798950	893217	256012	336523
615255	204435	498165	598290	532890
517451	698106	742395	858991	746953
296814	284160	772601	242560	82526
813140	35354	48251	695451	455754
467783	660067	796334	881883	292396
272861	820876	958278	832296	847488
209922	469747	165938	588826	221853
561104	394850	868435	58591	198886
981485	232590	378539	391244	676004
396231	871986	930079	501984	105943
715835	660182	633762	452296	331968
908374	526071	513676	145845	135329
938586	496001	732916	213761	776283
593209	232794	555538	791887	499918
472254	265622	101748	253755	339096
714843	653416	599660	824757	243803
945631	780168	801920	757045	718278
851973	574006	987331	11562	533341
993504	404546	474635	375827	549280
724421	243110	246578	45212	67420
183944	702201	78343	754329	336385
167077	846841	957875	310159	675484
596954	972467	951345	999905	55097
967497	312081	258890	540249	838564
477036	680629	729719	757467	446440
11474	658281	366932	650023	607434
649101	896555	759385	411341	202895
554640	785419	178672	80051	599591
622544	287620	489427	411460	714898
948986	377447	919175	590595	754259
154164	255150	515192	111204	307922
616643	96500	204425	805079	51063
587351	465402	133841	977150	364326
331048	834021	215031	684861	934132
166321	426462	143138	510396	785805
279095	738533	725671	526963	454179
804803	547399	424149	50390	658314
53171	512643	846573	980729	662565
957826	900020	92209	481212	374322
61507	908275	527184	551915	659910
891679	462521	984687	86196	153375
91452	170214	811993	799019	954895
855754	288345	150207	77780	481554
50618	644850	733543	203571	122017
693916	988498	870182	42746	286376
787279	199843	406385	648603	92866
937057	48992	867548	696767	744716
246987	473481	936939	746909	695745
560573	625274	822789	980072	188961
99944	818232	856914	133191	50710
83469	74323	365311	446615	911797
422320	52717	450610	337035	886336
828427	375983	49248	832678	375012
296108	718474	649203	542562	202243
531936	912617	517499	422145	932007
94285	960345	429092	285066	454280
768407	296995	166985	639136	415797
555865	833989	632816	293930	950456
841147	413759	598929	173979	60406
925151	3361	456961	113038	891215
229382	857286	788309	136553	588050
307167	964118	576560	277921	950897
450790	665254	329025	910946	477636
698803	14362	254383	654163	399035
362941	982774	79553	560641	852063
62004	392520	916130	184462	320046
698095	789227	955654	474076	838575
295575	708674	844920	650807	487824
752456	742267	542150	712780	434184
270122	47436	491080	498128	953905
888940	254762	451462	892613	891070
832716	988906	824759	584751	440958
975168	457937	581350	136209	870690
338194	827217	618694	947886	337612
982472	893548	657588	801035	956680
501620	733766	687524	320430	553545
715605	528731	884218	98638	102503
630715	788446	888252	420812	702493
298197	487674	835251	705816	457937
418652	934043	678395	140745	319548
48104	632355	544610	971398	728447
704761	450703	298657	59359	619495
682238	676243	384592	28961	972409
69703	979207	94690	503916	713758
278571	396143	340212	957843	11242
922777	570412	868626	970644	256516
44833	588040	271740	79679	749803
603161	255984	624021	527642	345898
127915	461840	159149	325386	797838
504523	787777	809612	187933	69982
296167	594305	290761	841886	738291
969590	636983	458432	754824	216955
408954	891502	68392	30341	377643
339420	624673	552509	937365	360370
535304	544530	906261	402468	88657
35067	66730	208927	549301	445921
73168	748599	205781	49290	184791
629576	246331	48636	669640	940395
426765	144611	845858	948752	168226
43005	101472	31248	570820	436243
172033	318317	341189	896901	653810
946596	226095	39492	902857	674310
712222	632193	999091	24163	781167
612961	396028	867531	538852	126759
659969	27571	144706	135404	722397
22577	409779	535835	324522	623068
826081	820748	569461	281931	523925
662729	971927	17633	504232	830219
987216	566660	135659	372774	496349
896915	915493	211965	498970	351615
363505	168049	109241	735551	902581
683177	803194	416678	915328	772922
705813	793334	797747	429628	626581
910286	795247	389936	709881	749824
796206	96912	381451	621742	843043
788290	458611	445481	693768	831782
638615	727569	47225	165131	906532
917594	356915	472710	820703	856252
94086	485217	371615	575368	331785
489645	124103	324341	251922	489971
369138	127951	294419	749104	20603
625081	937821	597149	749727	189600
625560	780359	425820	961267	610104
713598	898535	490089	227770	298480
716859	370630	413911	382871	616044
567770	611173	109808	8989	131704
955828	574017	417514	54804	522636
625050	565212	177575	691923	888289
339088	572786	435504	239973	140572
66655	219841	866703	841629	784176
357321	684834	710916	694657	389278
54103	472176	884876	473770	368337
237125	139367	933587	270657	181381
635247	956048	649611	36330	927826
420280	661438	402189	995806	823892
576495	309960	670257	919702	635405
717448	319137	543722	352987	89547
44954	558633	539200	99093	693374
376375	782460	928452	83528	210393
687410	591357	945160	277211	402870
718854	432982	140467	593869	261344
823989	418309	297635	858866	52908
411492	599817	568100	464020	874478
453585	903250	813745	180562	262600
988115	719614	232475	17940	791576
1906	342801	648928	181236	599230
972035	316105	213877	922054	648844
193319	838773	155802	12755	613239
487594	146207	332153	153040	779818
773373	161640	275177	58721	358838
744423	671099	799738	572820	884404
88878	81804	233333	141141	304290
416013	213249	301455	848835	245992
484522	374200	317173	675697	233904
852006	289242	599450	484342	179684
229419	651116	731390	314835	780907
711350	930821	381591	563446	563367
220254	567801	34072	744206	813096
862336	139666	420781	420100	564825
325596	517945	274214	663395	104738
76726	86653	792388	794007	797477
781085	869958	471135	828288	990168
24952	986145	402708	399936	416994
350997	533003	652860	275776	255452
269693	249970	921654	980697	948419
494554	261132	72475	193075	24626
910594	899360	491826	293020	308282
86457	990226	81608	255035	338072
264879	846106	200147	998132	713780
29284	720535	861818	918460	932227
283829	870861	832850	954243	111047
493820	781488	375367	343627	831624
347986	120597	203804	192668	773227
559287	184819	992909	472264	283584
96433	917172	84435	507227	370544
670714	125196	998284	878096	450702
420719	988150	542257	259582	31583
686276	566240	17200	458360	958330
921506	657040	218346	742328	535917
331045	987041	788910	569117	944754
785066	293558	193831	525940	122607
892065	496765	520783	426516	26502
380986	533116	998026	743868	359201
538213	925568	398822	432783	896573
59904	53510	540099	623254	480107
919874	652814	353132	310941	548277
427211	828455	275843	578056	943599
718164	351672	16987	614669	905827
485089	569332	677148	956788	203589
647330	447657	160476	883369	258559
154499	750099	975677	344790	672182
998205	253828	696400	908633	665375
808589	103788	381048	224433	178116
719900	890342	364333	141022	539789
709772	557596	627551	219505	71457
889689	18985	344258	44930	168394
968730	540814	100198	767360	60952
687028	458069	44218	338523	365241
480946	962522	405887	624029	173595
3070	46143	623092	157556	372794
29558	215219	204453	889442	429754
765724	271348	864352	930929	752450
348261	439242	234734	974150	140917
594024	651370	397122	909038	377672
412666	78609	694206	682190	316695
729550	823872	305093	749839	963339
770850	976198	42491	145885	688286
94805	295194	679414	235023	551243
52907	420249	902262	344218	897995
843350	378544	426963	967197	280576
504914	952168	287981	382735	726426
895889	975842	549158	521044	455377
72384	71289	845694	714671	552880
745378	642275	786626	551982	791531
311794	681425	167040	210480	934701
766293	261306	511718	427416	586374
772045	698566	739882	454669	995281
500484	131479	101058	910696	387385
499793	558044	780659	326803	133001
202313	483587	104774	427562	996281
623470	132940	83542	322306	309338
628619	19717	385998	28302	731771
460375	571987	491204	916551	619358
359564	585284	743486	965697	780516
318991	308716	668414	797210	130471
607921	785093	431996	990824	280986
323066	337937	749494	81652	350211
171706	424699	207553	202930	714556
907421	276419	824547	110852	479844
201594	188734	282836	204575	964097
39206	249504	289818	550951	913526
842864	947185	663054	139800	633320
553698	860675	553622	973027	261724
157013	269325	953214	397260	610410
472475	853403	292010	476503	94751
318767	229262	318127	960405	47535
109102	487450	631490	391828	401948
951006	101746	384751	767983	514298
205099	639853	135431	827371	95502
208284	624592	873634	434599	307053
738091	207221	313212	999758	160173
310904	761392	435974	497293	239177
582338	96858	159012	864104	616845
761090	127873	644795	138311	428664
484162	426646	252684	490778	490119
472398	818584	218745	345377	205945
996456	898405	348015	741819	784046
936747	46503	912686	425733	279920
578488	437047	579985	402516	660106
550006	914135	82786	44205	415703
268724	982071	821122	303453	853670
902687	415432	820809	850336	446006
658958	351753	402686	705252	974865
141178	367003	281543	169626	271878
90618	461592	631411	842454	44469
876546	940753	292793	551274	661531
243151	599889	459457	21381	525336
675519	729477	444394	608965	961793
242454	405424	217884	982909	402440
86648	514617	518868	514756	262693
101827	490021	299709	519999	501237
471003	691890	248234	641611	844342
794379	466812	875527	532419	870346
858939	650053	582820	881902	112862
243683	489541	850290	332054	320910
673555	878235	82837	179507	520249
883917	340924	653369	91820	578973
377992	11763	842029	803806	450075
652051	682490	151081	24919	460827
615581	367089	872005	29891	688789
265064	43306	436070	920090	530137
617077	190208	92500	577285	250486
16103	8700	161627	37836	902765
150069	382809	874566	810546	98650
506934	139967	85837	309691	744240
582681	736399	730369	46522	666473
866006	26896	941525	587330	648991
475297	659949	50725	209231	785908
204122	718051	25362	450730	808147
468852	673873	147312	217771	696537
281515	433438	132446	681907	189248
447455	436415	252366	718580	921121
927266	607208	852932	52477	820685
1048	439381	818725	397049	703712
881989	914838	200364	151332	756756
879592	882548	813686	775656	865785
498420	100156	871261	420395	936611
769708	166817	359377	838331	510574
257207	818328	53577	640260	187953
147337	218865	914793	256060	796191
317855	807527	680203	965979	194990
253776	453074	16572	542875	627702
556789	819620	885939	734831	503851
149065	176241	469625	282785	988183
798577	232233	437247	29785	267334
612058	231456	123904	219117	484741
174440	91117	193658	441349	366195
15754	386382	634336	418705	181166
199637	394152	936563	850259	233928
630594	86151	992964	329619	978633
515151	928085	364854	551939	148246
341064	706897	305415	501224	544804
591801	396981	125252	351405	252810
407522	300860	601609	886517	706715
324948	444205	545396	61866	786240
332249	365357	870434	938569	472593
482101	102434	836885	463978	898110
82812	99556	533306	133345	237350
58267	30136	79527	251619	883264
496152	549861	293881	59199	270386
47690	660652	354136	114223	664342
310668	377160	131610	569323	97269
759468	493985	736078	311191	363421
118005	849546	980073	973044	198485
987606	808773	890935	886862	971970
368136	549403	282085	556631	380996
762046	215503	685342	758602	436031
675262	688784	437907	128878	515684
360988	615637	42596	683206	434938
309252	773155	292287	717175	627884
378463	896461	793346	620650	872286
196812	460121	186629	205407	509057
42117	276338	389256	136115	283185
535057	871026	785486	693219	99844
783653	81831	554575	239085	351793
379895	146321	856957	775656	714062
516306	102807	979752	603048	266948
714316	374449	872870	767462	298536
395345	647132	742353	996300	3836
239501	398843	646241	751274	287178
55309	494348	72458	418585	101117
561610	633358	172140	758630	862621
985314	71609	763816	698841	349827
600519	570742	15418	540760	806726
942772	97331	307595	645433	658569
735069	974267	998402	572590	903167
857375	490910	724156	240759	984424
305967	579286	112167	977208	291066
11045	827188	493019	353666	339250
211493	106106	676069	321715	615544
590232	18589	282236	892295	927933
613842	180133	370305	284037	900677
725739	68430	651588	991403	948369
871629	817955	576801	802757	367524
577228	301902	297865	820790	180842
503503	127203	495365	362348	919469
537462	76562	522133	510442	343666
533235	405797	719143	937484	62970
187018	787589	396047	730807	41595
315691	736458	106033	96166	264950
295476	841507	502858	594410	44453
631997	491402	44706	283360	86008
850432	822747	573239	140348	739197
329333	142652	420508	284992	939026
603419	204256	499257	147647	211480
133599	588061	191812	516023	626506
842690	126619	398321	477425	805501
862115	736518	852740	521096	571112
78859	441268	532339	750231	57923
804196	330348	697063	219846	536420
853652	490717	150079	925280	842267
476753	181759	718632	682503	713760
434940	218454	441762	470083	491232
626900	225550	413167	50870	684392
418495	921108	741520	855678	495769
547560	544019	232408	874588	981739
823103	44342	121936	313615	814388
487005	585049	100136	602113	925869
998298	850518	161613	890307	503662
90007	290606	836835	270441	67256
433803	763902	506648	625166	947931
737394	4154	969264	530409	105853
625635	423666	428977	906663	916036
580653	440	788363	205725	204390
446526	58390	489806	55307	93456
769626	299382	80002	114367	61737
577747	95578	379780	901110	693664
24061	259507	147896	991495	372134
896243	623333	765764	213635	287197
885640	370448	146617	778969	51786
163026	316757	588779	880833	733493
875370	245002	804457	241306	202710
854978	737125	608873	990130	72567
275479	439889	351007	755140	553666
729018	965583	369451	516443	645762
680032	845460	341711	757937	686813
734514	332742	772784	17709	316613
311487	791232	316673	680299	736080
931273	671309	170306	67333	26514
395335	226126	254522	379078	184361
862347	985841	491045	401724	444
989964	625133	210228	548633	265166
977731	168711	125723	818787	774317
763904	809404	566914	353192	701902
979182	841305	264683	297069	297821
811507	871854	858356	542047	373548
329489	68500	438867	63816	289911
279528	723012	477940	842493	84569
538551	946212	566059	7936	835420
456777	944638	261783	345101	11315
196425	891796	605946	237144	921640
354111	38376	776165	596299	246931
840375	935520	738026	372903	943536
447886	893971	795885	583262	75346
488828	48240	723542	476412	588816
227569	372246	234829	636126	655255
38815	456966	837228	63918	388431
182705	457794	69539	376017	338055
767990	386526	791847	31470	620739
205818	154629	928446	934827	111038
17731	842234	75154	23940	494845
561727	568384	477587	475037	12906
699799	514510	637682	604736	806988
387414	623189	822001	223222	488422
17661	670091	423039	237882	151112
893517	930138	861981	893465	82626
362291	239333	549803	817961	728345
659520	460006	885337	20368	488497
935590	674201	723561	872656	273948
440053	483486	846785	654784	597734
77667	429389	889504	147073	355957
176953	484462	386022	726678	68073
566997	996407	44410	107067	338453
664225	741007	739322	954886	222230
795851	680077	549224	768888	934886
936167	600307	379240	269441	721033
635545	2043	876375	736130	661109
163675	608140	808918	614487	387219
675425	170445	226792	754190	124561
289489	332059	697355	373611	654377
588369	688993	801781	390906	268821
120901	802473	973649	542905	67201
571257	507928	922600	520072	588173
127447	28764	188909	691860	841573
471315	783006	183130	915993	167805
257826	67796	696501	186054	689879
788448	639193	888186	209271	899450
662514	387858	967111	739693	512367
415708	382666	59005	4575	699245
451408	564702	482108	622855	214925
462814	963692	480038	705021	981825
162700	199840	988369	633548	118220
824700	264097	171461	50201	28671
334800	643542	753420	12120	298973
196088	829259	2511	636682	4632
213433	888967	608508	663782	380606
191288	131179	954391	506210	25607
702666	190271	784902	796457	533415
50914	729227	722470	722228	332634
464245	181215	422354	63251	749941
389502	797500	279215	985304	383857
68138	335416	886083	617756	985059
2017	913248	252251	451047	215479
3352	294189	620550	911555	871435
192699	352516	609533	245587	445215
349565	68074	326610	647561	612128
978343	246957	64632	674933	491994
463802	635989	479509	9973	966093
846676	181450	103515	832428	712036
137537	505318	600691	810512	836485
300603	152112	955814	76780	223318
467016	599263	981324	252375	712813
656184	150726	558276	283555	564564
48990	298205	465522	242693	630949
410175	794659	477933	514445	656847
605952	121688	35773	826748	532824
991826	479415	892486	487144	290110
60917	985109	470632	429601	759636
266402	984954	404738	292965	283079
372490	819815	680672	640623	239258
514999	285679	666382	35609	867606
717565	749872	103068	55021	771644
783397	450794	568313	409892	691929
330185	777520	836550	377802	558913
788272	892634	309248	989041	827968
115672	309426	862401	108849	317321
820727	727818	786328	560801	616939
599646	981272	897045	868505	764667
53721	223137	242335	417402	913440
787447	886147	492415	189214	99278
997730	67385	607466	291476	812793
817461	251895	228138	191847	756402
845813	616623	336001	990734	438859
246535	832804	172424	339394	631079
600743	987593	817754	570955	684951
887117	317417	9773	662198	12628
987434	446217	273296	357880	149129
421939	973754	918591	451563	771850
476986	386269	309478	41427	473341
813281	957826	468157	845195	706189
728034	901477	277165	724962	30503
243371	274428	937562	71125	119603
504397	608142	476494	378224	205402
126773	808546	433350	837823	914719
543901	985665	555172	698437	448363
567487	345273	18578	823723	323117
417658	922783	184516	915672	701323
121321	986204	251386	156342	704605
680886	153998	163249	908020	537961
827264	218921	904766	566077	820919
344269	326118	126395	806221	945422
655395	678065	791729	277842	672855
679548	70786	469378	777625	628557
831152	453913	888005	115836	296564
69406	863652	940767	575159	433310
982015	217951	968007	813123	296268
839221	44340	211055	762956	634663
98975	909351	767822	284999	668163
181093	428757	410862	318346	572763
108523	600910	867452	436181	65622
973373	127007	16320	610060	992911
281056	382767	538533	665655	581083
279333	750884	986549	165361	720397
41012	813195	331254	427144	373840
457555	851812	473907	622833	389158
330903	349091	876538	63723	816447
353893	604100	574675	638995	927389
35315	893017	352213	365289	372993
160493	353896	425108	472887	438818
560019	219529	177606	175418	288451
503926	510175	126894	853591	722109
507332	78522	269814	24138	417381
654708	831884	418756	244253	110649
924861	173392	712093	914554	300846
218338	748910	552423	511374	922196
672957	687007	470869	120744	359229
477167	278543	340353	275704	554719
599665	555010	589120	552635	42740
7046	783283	648509	213916	799305
990757	713554	292698	824564	332595
898897	266166	788426	913941	47953
835240	143953	227840	900901	5598
698630	685930	540285	409237	105443
147391	784092	494568	24004	147915
838224	831909	130892	234038	782788
568527	85776	973891	562044	696603
838282	834411	479956	843935	146438
551367	551191	738134	33569	976252
347269	832373	136445	188115	498675
816310	809481	256088	139432	288589
231259	635650	956390	174979	161185
771603	374509	109991	291668	375424
752277	928626	42057	340524	192866
497948	492500	303001	454419	23964
997859	408190	139157	597218	86209
172959	988616	60386	605406	16449
348524	484320	998081	97042	60288
416550	278240	127672	967643	935206
753973	477195	723094	586138	763664
255372	493734	639719	339710	465357
883949	258695	309071	91409	927804
46325	266067	370711	928431	930460
358728	273783	862225	125774	632569
247745	38489	843363	514467	329575
776623	249936	684096	314888	251445
305237	908143	855943	256464	820631
317347	439980	1869	289597	870959
582897	370105	848762	601753	421411
466442	390971	282039	249280	753702
390704	781654	223572	994838	321313
406434	267960	662859	346920	750546
288819	251562	329416	919291	570689
374991	425723	754928	583336	828283
22132	543398	372178	538519	312643
578091	523167	572692	300937	59699
554492	912940	798782	841415	132296
326478	107844	913853	969086	920093
815557	748684	492519	641622	174426
601826	280635	803751	493133	28553
313700	314733	130807	785770	50253
999269	997250	453431	920277	543582
979864	656629	362840	347503	186338
219681	903994	863070	981005	51575
846154	82633	22908	385913	850331
733689	167333	395985	834649	53178
961268	987143	197116	79243	123527
620968	511544	27087	956280	91101
810130	127784	892108	357562	740286
272425	201906	35453	87498	853617
285198	513057	55888	44679	712926
349068	716522	585342	882200	434734
175659	768340	441009	405264	700418
381784	118854	259082	685380	475068
361871	51793	804358	464814	239097
33373	552697	785774	181026	190938
78232	256893	938087	902259	784888
631336	295306	981622	314326	981570
240096	845536	674678	862229	315703
460284	351507	335311	653831	222289
319632	886551	334857	457906	683889
472836	36633	475852	653361	142434
311749	314502	522644	926103	846295
253348	545819	70595	94410	145848
233919	580309	152173	507425	508520
694005	57972	786663	660959	780724
61093	904511	984659	740448	775685
902283	749883	410200	224669	726839
68050	359322	261799	832382	855605
847202	905700	815328	988957	383003
651077	209845	195112	745075	784107
906296	262688	558330	317884	586480
777313	797558	185045	587423	379904
284657	293351	382936	231384	572164
733285	635254	229807	322746	138426
744650	299216	78434	195834	549432
666454	779052	736223	472098	972626
963200	566697	770564	39691	781652
833224	990549	60572	348083	291210
539734	567549	320931	204335	733480
647205	964986	286867	37311	41664
774941	64181	104768	352546	700296
277471	351455	933033	451596	475005
264131	936057	296071	166938	428119
391761	415292	455837	113568	739766
134136	125413	238301	18516	772790
42134	558219	220312	790725	25229
691641	592101	582819	21120	832370
432043	792734	377302	416889	187837
744843	816975	462167	362684	276809
836706	83777	199522	105655	764055
317787	701623	75014	453865	267297
798117	297954	232381	697685	286280
675540	174354	974330	431986	202245
806425	594940	343535	391372	229738
3963	935292	910568	121768	703944
700878	259127	663038	63786	494692
435979	911938	712931	806741	268403
360345	665171	976187	513796	695706
347723	894731	176300	293788	163460
631669	385664	295444	694551	838083
709793	499132	176548	221631	320696
49763	369867	446902	247063	120525
847278	190339	150755	88945	196180
34991	374597	159311	694778	808328
313894	97082	500332	95981	98661
88714	642196	405151	994515	348755
472608	158499	100112	34156	60964
34289	203384	70878	975405	968176
798500	744841	916253	920782	379500
753982	280967	384819	143274	321938
594027	308820	912524	149805	776707
735644	253056	851876	176349	942797
602229	909087	83719	513506	551301
428984	684213	879713	421124	812190
669947	597380	678531	157806	398710
160998	231515	911337	265907	829876
15687	848492	456435	531541	900371
214519	681371	543791	711569	612344
265268	331334	570347	430081	794633
987864	916154	684000	258668	252451
792488	988803	914554	101494	837840
610153	286472	18598	752031	420699
241830	601128	805371	905708	103126
652143	256314	938484	5158	481386
188358	361803	532806	410464	832424
42071	166565	681669	637580	310045
288103	987083	435767	996397	185029
814677	856194	750624	58197	778777
893523	193139	178903	812597	85727
282480	41475	26982	390454	515254
993676	148620	620361	377344	539149
370310	146372	419581	77496	156583
43746	493046	367170	584785	373932
652933	391949	18487	810862	432436
757864	681979	771536	426368	472771
287056	68167	235660	926988	138474
633695	357660	982361	858648	653871
225963	391358	19593	68052	153004
555613	70523	409537	710587	292708
325835	54485	142545	148546	83177
372598	275135	274341	531860	66407
882513	282956	282449	478403	265056
479245	245300	813672	762093	57239
660586	857032	828287	269449	352965
375720	41754	631065	930758	505640
642867	289906	942956	351770	600296
386769	156177	970874	317174	211038
453602	954505	376441	516891	680733
779462	262085	169379	844781	396437
147914	710887	494390	786938	950063
586732	138258	380271	321674	302297
95973	157260	55143	744243	195431
878603	745029	636332	413870	919969
761742	911709	389942	162147	640522
210207	835671	661203	782670	92147
668999	922952	937086	581689	975450
459187	853479	521407	459251	893580
923977	670318	980365	419141	674717
370679	76822	315813	861855	231275
212874	254	117835	143384	975962
490969	870316	59384	70085	357070
98142	34223	424016	464541	536320
950155	812061	852189	342227	684408
882576	993347	359325	977175	952245
502610	618052	36337	75773	227280
524534	574971	143301	474245	569087
415246	88337	623272	77728	356301
835493	942650	163308	596569	274571
671811	90950	635952	382319	292377
192476	346807	918859	373675	685403
607240	427355	525179	221717	922894
798578	810413	389952	864066	683088
8517	653234	875454	704823	180461
138710	406777	163616	317494	885902
843966	796963	253060	25893	433060
264957	40569	88921	750561	266711
817309	306363	120641	560437	233851
689482	24934	171186	292703	512656
115727	919526	432573	394434	870882
132710	637856	195572	213656	170995
643480	726810	391157	320592	854674
960935	170513	295212	873620	633137
517107	517209	188745	23580	160122
715989	905066	809407	638763	643176
519421	632725	627387	18015	370903
31188	506098	642969	129684	71981
605508	520864	247748	608014	505578
866228	958999	316417	982671	513329
588592	113502	99094	767764	785607
315932	876877	265835	517410	310220
498014	785673	514855	700808	232768
683908	887725	147139	274044	903532
734498	488685	270173	424029	967537
130086	846739	42554	615910	480811
353563	269732	49530	237569	63762
524550	673225	698597	315860	943399
572701	518089	316943	242968	380856
28220	685198	263161	833558	466026
779059	397183	997026	790238	951378
301743	127575	728557	817636	641751
277538	718128	383455	252287	232348
519538	894428	419264	107482	819811
284382	215256	62760	642364	249082
412199	464980	328510	227139	630310
134066	817238	107453	626061	4774
663473	929984	119661	879995	332996
513529	178104	469046	487179	965604
827882	737730	411063	278770	35762
735591	325845	514045	616321	866591
408457	856749	339547	399651	372773
833421	582794	127827	903855	658862
126755	515901	333250	337112	505207
461357	970963	178733	119613	732446
406699	810163	902517	109267	786042
795734	476469	865276	401189	736281
421652	380571	616512	24781	467028
303580	654478	974604	418132	883955
310586	436664	470212	852964	453501
412487	5381	114018	927681	716183
551680	974538	549432	177882	865510
467462	111103	528625	50476	97980
310026	422457	860372	152885	700406
115137	364134	663453	252640	487390
861765	772413	538240	231682	636142
17494	917053	700605	400257	701619
647100	146573	346850	748110	824998
481601	742637	315291	864356	256086
331700	639740	277252	186517	971130
439181	155193	230031	268435	823446
31848	238988	835551	986012	853048
486881	945040	159924	951044	537864
139195	110325	691566	383557	910808
600605	183114	182209	580954	532857
174608	383528	415571	503303	178210
761000	657321	787395	348102	16475
955839	399031	653449	483960	78201
735941	809802	142684	850241	743310
482067	345870	536854	721385	47683
393457	826431	57648	630884	8828
955641	253986	107885	944385	768096
908104	824790	551237	411841	248767
479589	70874	382241	99475	650968
987738	46279	81216	781096	683031
125163	988592	621553	324474	464038
720324	274302	263361	377062	743524
221952	417415	670409	303348	795677
171048	839105	125286	363333	821140
274520	298449	202990	449002	843945
860076	840378	56364	340776	135923
502039	846691	665117	900509	435676
668836	694191	574944	597521	841525
766661	995483	372	695960	628869
909665	58962	144899	602157	708316
475957	175107	448737	225855	482376
384918	552279	45327	671823	944829
971762	666210	985839	11231	946289
930637	654424	709333	288507	983226
253276	840930	970082	209079	92602
72545	484462	804393	42122	817600
904886	326327	706535	295401	528918
10588	988658	408853	619022	437789
924105	241552	834106	215200	274117
98479	408605	624515	751384	755512
466371	480697	20001	965764	67696
968432	586965	837048	240835	530775
996973	719350	518783	820996	706791
529734	387904	545266	686821	880263
136812	800436	926261	586893	928622
278672	760867	554314	439497	6903
644833	280327	909796	535822	812063
985055	151659	425109	317180	240181
141368	248850	842735	272796	36149
495003	208510	325051	305576	639268
49393	945335	659978	841262	351446
269500	635577	298600	614004	11817
680771	128660	497100	554381	449438
591084	602457	485064	987929	285222
169350	870451	133047	200485	38048
943540	26853	244059	393725	800423
188915	60194	286564	752373	430546
96890	3162	537974	252817	745880
763253	876108	574817	992121	210090
627568	862887	651587	438354	788179
843818	624360	27947	604577	740529
2105	28951	401686	540063	708288
300195	415554	295315	785506	214215
20356	357708	251662	737543	80786
731641	574669	41812	564819	589306
351602	461479	548146	645206	256039
158298	615086	798119	125242	486241
67590	832701	469939	896592	166869
9395	889084	72198	731182	360160
672854	134842	130238	617544	127055
971185	751944	871166	372594	760981
569828	432585	407666	785209	555502
173600	50060	565109	646524	18818
963316	106015	901652	357041	108708
92173	998894	987530	774771	777897
5227	9886	195450	490173	65864
780915	465863	872352	915898	930181
858187	819098	328251	859502	827875
480982	29410	452492	673626	578157
10360	2283	56749	588687	319251
591692	379097	713090	314013	387786
848177	695386	528036	844219	705638
620623	440030	229908	10878	296237
414098	685284	867058	951343	427890
334163	571724	805927	469025	791561
964679	125408	407834	256944	531218
1057	677400	395425	443645	453755
314429	118121	588996	365219	665237
781483	114435	688057	439828	629167
925852	166277	582728	944388	658925
671039	194775	440404	727342	206819
625798	839635	832142	274380	774508
571683	653772	224711	260517	803283
276432	791455	20375	364046	401912
19445	554515	74688	301740	727109
268635	864506	861965	505093	363534
546452	616233	235235	666116	734785
171355	950062	692936	220901	525554
865348	17448	627557	745417	633033
435888	463161	73813	578598	62768
433833	361798	29166	61015	48396
389125	603407	31254	671288	509672
342148	220343	628640	668114	155911
196900	373240	693722	713979	926494
658343	195631	608416	280664	622425
850970	216348	754625	395569	902937
207701	466304	14525	12258	703165
809102	124841	979733	439714	985586
957948	74251	368060	75293	407121
269233	530874	77148	625636	781163
884048	76966	288259	321518	326100
134103	547028	465367	915836	242941
854023	13000	250618	24545	755887
751632	666930	885142	60930	599580
76144	649289	886104	834130	289372
408260	283214	171631	441728	230217
314189	418693	120595	662688	561666
416311	476813	227494	393682	950578
881099	582192	33450	541673	772212
888155	515003	700291	242581	998521
98792	660048	386367	652472	618465
406377	397129	48143	584140	427131
354065	854896	411263	695320	453571
413386	524155	82806	54191	55015
180498	861644	370667	235337	270571
564733	814315	495513	748019	599549
811994	840216	156421	100310	386690
70884	664576	926363	821172	685372
447999	426990	514486	173280	140434
685626	411695	610031	452757	430356
559253	537765	467128	688244	571564
28244	138353	674592	558080	106661
543918	711918	734782	569760	208774
801869	681791	497324	605784	125213
289418	336263	618976	814042	530091
527953	882437	526868	855104	138376
81438	390661	569694	847200	461657
234079	536108	218103	747377	310333
979916	884280	570753	449452	921265
703414	971690	941648	48005	851315
174120	214818	455109	489468	432930
101664	64845	238930	660456	734373
44381	884744	596543	712496	193314
432599	897392	86065	918208	97876
923668	847129	781909	638720	240235
422515	359257	207282	636841	814776
338625	409894	795356	147422	672642
297799	358616	290683	928332	230002
352148	655063	720450	671625	190713
812763	678951	128045	644010	709227
247901	921613	502932	961115	846935
984528	440001	154631	209955	899922
123398	859405	512856	313478	247356
269014	381638	971647	622974	363995
416480	922339	294821	616824	173396
551678	334752	937870	553733	785545
986715	802380	351832	891223	206650
704616	91338	302179	161455	842680
463363	425929	933719	681613	418438
913020	60460	620042	37929	81516
421003	820288	41257	579429	215099
192605	605545	298929	931272	390803
519818	406162	984693	101934	104089
92292	638885	613150	644181	898749
776392	366686	251650	267223	301717
12589	300088	297352	621559	29988
535734	542203	771856	663828	469221
824715	250152	114710	60525	422272
206305	262809	536464	129415	725945
62641	368484	841814	546442	185531
94336	882201	147445	682743	106200
581290	885442	132014	353456	98635
741611	108308	13471	699512	501477
137481	696092	217427	508051	93445
917830	280747	711082	582065	390713
309384	640972	89859	402809	222944
804239	941593	243243	229909	734903
480788	557237	851776	508761	576996
156407	740354	199186	726335	291723
509696	745303	472549	349119	296234
703307	531386	850513	313386	369060
513000	424869	36125	567433	985894
481332	835662	104325	853607	680809
58319	868467	806287	132987	777018
615740	566134	80419	738521	806595
672903	364711	70006	459899	68341
100097	385233	365791	433471	111011
485953	820866	984867	472863	754157
150265	882432	199165	558639	213043
714644	991917	654904	767898	177388
607030	33346	15158	535341	377151
308884	712900	534995	739631	6841
2791	143254	273844	413003	309179
577583	642025	625351	832546	248700
34291	651781	936407	536592	832433
328239	680761	556233	731451	326968
376519	918984	948349	60157	936638
595781	592309	63596	672325	77922
857580	262839	561282	56280	36814
41098	668629	687469	872629	893988
321026	121041	210535	723524	610974
863147	358361	106505	693192	427914
363777	499349	324964	520254	364380
747893	855366	213453	807819	544391
100872	492080	625573	567904	305942
905151	908825	562677	628989	206073
233358	340629	915000	564740	842369
407509	47236	976704	433402	688211
985745	202915	729243	58781	260605
259776	686656	444730	470829	665345
354	504548	277431	548254	212463
305832	273008	170405	294066	381220
782239	315768	751609	995390	616295
578426	854627	333154	655225	961628
118401	52876	958148	527168	721337
352419	670862	164371	587090	385435
666505	515121	221600	805955	500670
839477	940730	339944	512370	333778
51165	575380	636283	184594	32835
891150	56085	118840	701291	613827
638950	327052	172242	64561	508800
917906	714591	39350	324281	428317
307786	5270	755119	655463	457419
543737	499987	869021	66715	852408
113893	771572	167921	939140	32433
579514	316057	349837	648598	885971
942547	933935	577918	271398	279119
485695	296956	373470	447224	462974
559168	27332	366551	4366	546998
971772	939228	379157	307412	591683
33009	146831	725700	665065	38616
951606	505663	720437	465637	184953
119780	56	968929	558004	23883
681866	820976	709180	159920	343074
736414	316106	556422	94327	356397
865323	127287	445864	559109	901787
57675	251062	807051	696664	368953
870970	5012	487271	344805	743405
959747	697644	794760	902450	951210
60950	806107	545394	236942	373892
666594	918162	641708	682987	653863
152194	559373	29272	827681	871001
814004	776112	854633	369016	667168
832143	116804	937206	252160	377385
166394	671477	644755	459467	534847
690760	105621	493609	391878	591440
156430	698510	633746	776751	458417
244105	852438	323019	416595	360148
101433	277595	917740	282433	587493
455971	874709	130837	398538	660806
711082	559507	592910	34	951026
475808	350984	863503	552412	340518
990496	892028	493658	169590	518824
80869	580794	356174	16047	174758
17649	355931	797378	406339	538554
617212	255095	386412	554357	250012
340179	501994	461967	1162	148516
761623	489603	35726	129075	950767
970101	222312	217929	98882	339240
8363	639855	72222	161741	542233
894307	430217	685220	596570	746047
335896	530037	672957	747609	81693
404597	578707	607216	245557	441334
115577	545714	469147	514441	725541
324346	9664	984645	5407	718709
463639	495868	70682	252069	926532
413958	179696	227855	423512	734412
117575	684157	67751	554116	929496
310468	554528	930941	414295	897160
823415	274780	857864	397551	136982
795485	741390	47535	129381	836397
566708	65560	642278	643466	72146
539206	54963	908274	894315	50184
62283	966772	494018	13546	221046
656696	170241	384741	464217	447318
602105	863083	949019	610141	854160
544810	920165	493422	224803	371659
896481	103786	217564	650690	836032
760884	395392	433549	872423	236822
51981	65135	201800	695684	934556
781382	514447	674505	670994	846489
88832	350610	354977	202534	484020
113921	990574	123489	93846	639459
238065	651100	340288	226188	773687
614284	557097	572984	829029	838589
797714	382327	400493	745128	805568
796230	366932	930690	609605	583221
533416	126780	208033	384038	548903
561996	5248	831762	168056	128379
942384	762976	218675	457010	90967
143016	895108	964527	899431	300348
618213	324045	875122	488281	730100
218399	843319	505818	942464	177306
80595	418360	584295	926704	786369
258908	939516	220391	943757	99932
814086	478962	168400	134916	655566
732065	759205	61389	395843	593676
691994	564517	113962	451720	35727
513719	518797	622885	180383	696989
869002	268619	153135	455385	780313
909890	741819	649915	816617	711799
845399	751852	679726	859729	878367
456950	924861	394232	970247	119319
54516	95970	868060	147487	360770
660432	488634	694345	133323	707237
675431	817760	863336	276976	387007
860453	228184	412175	429137	9150
655575	737822	906083	155186	550652
315205	351355	324017	641132	145064
216338	260990	643107	168139	353465
897086	308279	436509	669564	402087
565565	101651	206183	363862	811853
912590	19915	848201	956979	409384
245038	569905	878674	90417	239536
623582	251214	329183	608258	203706
938875	928368	621474	853276	491916
393532	159051	919526	614568	271803
761289	825349	694512	259680	845253
35608	385913	763431	551623	318121
3362	299660	786311	170272	192729
107356	783756	346256	135331	767772
909008	362350	530543	891653	549416
111847	890622	290172	844021	305276
340065	794660	77426	722381	119235
413723	661218	89210	307293	576206
10359	66290	899141	436112	799130
269371	738911	286315	577719	803410
407920	812685	962747	670458	946242
460604	578631	97321	824249	662355
837087	697949	696001	564369	564846
692675	532559	556510	456811	681251
154632	56772	364043	373734	803828
385803	199377	446211	792703	704904
157205	280518	458167	466738	478811
806041	424989	85699	808215	660590
533489	617382	443114	428342	779729
615921	122131	754647	652138	859111
959538	185943	441658	469639	473503
424093	512152	260517	434165	576128
692557	355696	554813	358800	47876
115673	534840	82494	462934	820284
614338	865065	664136	846690	524173
864947	336966	602055	982442	862103
296423	705794	986168	474593	175712
304126	293454	563042	500054	276190
565659	664163	498814	657973	886021
186188	315406	925897	57808	690858
487360	675813	966263	804646	93314
121698	695953	752458	896660	966587
71001	106162	233419	546994	38021
629971	179320	388594	704063	149168
369025	948704	796750	739874	786482
723561	714765	344518	98818	773420
872571	293726	400933	134128	865573
683459	841079	678952	960112	107330
745867	574677	208627	338113	886768
723882	917407	851506	719327	45209
75692	304929	247180	871664	174979
51729	809493	736435	336349	281108
805802	691534	248365	525542	966942
757053	159010	10835	541909	430108
261948	822572	311602	261654	53937
917583	739307	806034	877563	601714
107554	641515	499802	920660	43703
839057	496038	621990	84332	539829
732482	858522	202529	83655	928355
310538	69926	527137	810778	365226
295951	548243	533180	828261	657501
776195	130019	592475	589941	238528
920080	932908	946134	917196	639790
326591	177154	802025	528171	509971
701103	873304	187199	699455	975427
29189	808317	869311	45933	684565
756976	482921	331948	505743	369076
453313	584963	842048	268387	387926
583657	42267	38899	500079	164375
253422	936435	866505	573128	991099
84223	412338	174109	217276	30502
322892	249666	464094	935999	414400
106910	547805	601274	564657	704147
812943	999886	512175	527435	233085
581071	392506	195042	676073	649650
744179	403335	414993	718421	192403
340002	251803	256400	445874	503151
513366	650618	733175	891745	937861
43724	53446	504162	143115	669906
180612	604014	987244	985990	614109
109879	827482	141346	273056	683577
631742	402410	82262	979755	971620
2003	4938	158861	12191	502384
582790	129929	728131	722647	805215
467735	220537	482544	831849	137069
876221	46347	579000	761311	997150
30717	235578	203186	478776	469704
552275	862770	305137	543633	270022
429525	882507	555381	135820	352876
742909	463665	918826	8593	114230
11695	553643	675234	729700	876706
924986	143438	330205	745554	406813
881740	120486	963508	819478	433295
157919	169691	599190	962166	185015
933344	697972	138624	196322	557871
271379	458550	877393	654308	322519
292008	449113	843159	945181	547283
90684	986289	885405	163921	4911
176093	921394	558270	284882	962178
388522	792530	834991	275653	106363
112387	794458	849978	274704	765357
7826	355972	965095	50377	57873
794902	12572	508671	491775	254936
568478	131468	10226	82325	283722
966515	663236	214169	822190	324709
371347	469198	535888	111725	951082
666351	973843	984215	976253	345538
243520	156855	644397	610533	286662
285018	639846	100044	471495	369402
109228	729467	905324	199067	736713
618706	248279	786995	340773	157780
920003	860388	315855	239234	170798
520384	116423	333676	108034	557621
686942	992381	800805	81100	860217
458743	338955	230025	698013	303552
725547	684791	755603	688590	38948
540995	58426	224156	763511	128346
951339	812018	725976	173301	148719
369861	802226	474400	445252	418325
879320	331452	367246	619675	188980
389523	846516	377924	169141	519231
182411	535344	609594	737095	578264
698326	952199	597813	416179	305267
188614	759489	343221	116913	117609
446183	10585	456068	204729	749261
999642	292967	473338	853196	746734
842886	855579	361967	952283	270082
197645	13233	686630	728360	279400
129851	612535	632091	103080	251056
341050	585971	829701	617859	191392
485880	3667	36493	630405	687209
981913	916743	110895	757290	519248
231311	470953	765140	2844	83503
734559	646109	288642	506158	192389
407287	850575	435170	280090	14222
806387	736724	344125	65919	272735
863863	911872	217592	64722	382938
867609	641815	545423	301917	140836
474391	891060	62972	993409	598222
8733	984046	709670	482866	312694
464202	425451	380254	427675	618401
581736	591445	71204	741626	836357
905470	172896	708359	791092	301311
735948	891025	505864	590040	862720
370384	194362	803849	214268	469145
63060	128791	484855	28262	819960
530653	295124	921888	203800	48012
571516	171127	574140	49041	119751
909345	37041	620511	862538	465003
962556	964527	311224	334058	153716
23802	689614	119705	94729	249537
90096	404037	129836	498845	286024
369424	850236	713189	567415	881105
858169	440076	733798	321859	452188
697988	694536	464355	356302	725672
353825	861343	626333	627148	903732
71512	890311	661267	242256	442225
172695	642089	278837	169479	414106
523965	387414	851865	478466	24575
218078	118060	721571	545956	190443
692535	195608	114783	906799	568231
257981	683379	764934	933265	55677
15033	720346	446533	285513	746475
522159	736703	816830	583012	241641
185185	825959	227350	338429	587565
789399	792299	74667	676081	951874
742796	112798	942606	761729	383549
739706	522420	133371	724674	250270
319379	128342	333096	793005	327807
630476	94693	649705	207617	642964
687919	73208	917430	694901	93061
765229	648819	368476	322040	187707
223361	897989	598604	840106	116529
426589	824542	866123	691710	223115
842814	704862	667290	468429	953927
557250	635325	224721	922584	630686
884042	167744	374391	396322	834926
592692	307193	587767	419292	510183
748465	12338	459944	290140	258637
125474	77048	187389	712409	980418
849533	479805	116864	355248	452023
929781	824864	246541	575352	101104
128477	117330	485816	488347	194843
784964	965224	323897	892019	46170
620318	247132	41675	175299	638238
786213	615291	831484	341201	133706
844465	362645	395031	615157	257179
997931	216940	112752	419801	490288
177122	985153	112060	376558	715368
143550	60652	561396	483782	829541
266498	382066	297860	228640	479923
181477	927516	989034	915064	668294
297718	559721	174345	423690	800321
675707	778670	967875	878318	777505
594936	410689	322682	18617	819237
377296	215701	991314	269348	115360
747228	393622	670702	81092	292423
300439	82838	961974	969393	319033
933120	175251	324318	66283	428001
740945	177592	368341	970899	725919
753858	115872	970260	847314	441054
333332	436186	351267	959423	603957
432734	94526	988772	914648	811810
964392	262339	367219	415664	954098
122114	207351	381814	165924	174058
734617	488070	312911	85452	175529
334224	160273	423330	110056	305315
448914	274122	715057	531251	719674
701513	106976	73788	203282	410737
588077	725766	364749	93779	389714
177418	178270	250365	826236	543251
617075	118742	988913	29296	194896
708969	750058	165088	787760	254763
219631	854733	732449	346242	95432
912208	274061	777184	129188	591577
231170	376205	171094	557510	938224
655190	665997	286967	558674	614333
978793	996498	706256	800215	420502
931087	228338	827979	178042	145772
1250	327763	569692	310619	868226
273791	818339	10840	499850	803887
29643	523800	642362	295396	391177
52210	483963	578931	984324	50082
844609	753637	742155	869406	701495
251175	627535	398376	238405	925900
71758	160230	688571	856527	260220
456050	416903	840531	691071	821565
248912	631718	697895	714823	204479
777193	557227	718372	42125	204264
749732	399348	819946	876113	853537
49091	810912	105692	769536	922064
95251	44599	485803	30686	811572
110144	744261	741070	534993	805728
913399	972800	891636	469648	695396
870038	126973	43282	275267	255775
501785	458294	431534	925338	367351
247485	893310	863397	786588	954101
954718	649327	495658	717393	835217
477201	701984	548488	370621	974053
893430	490207	319158	629024	244962
568491	695799	263292	630716	104590
995555	366938	34102	982431	998491
36376	558710	693038	94757	567291
869690	736122	29043	195227	697618
131636	671172	629016	742920	623816
686315	347547	36494	787100	712939
137675	957680	220781	196835	251752
279642	442871	12391	267164	645740
859964	795890	431332	649222	356558
880716	673	478020	382508	741897
307673	307948	3981	270297	310719
205190	678016	918206	868287	838791
752431	340436	602820	292288	949657
660840	766199	348235	838711	69978
543700	86826	223111	709547	984825
199957	596056	545242	908702	6736
922359	257412	317102	303684	875581
545915	931142	295742	606147	584159
363883	777793	915695	856718	798990
968550	754106	528871	613159	989231
135474	193648	299743	968683	773006
941646	692517	938372	187422	751425
263226	385117	880741	999446	858544
782780	366087	72546	380171	200817
608683	44706	348366	166300	326079
9839	301207	95185	109926	174168
437430	333628	329691	247745	421117
808293	939681	491348	951424	420495
551077	659753	75796	769671	436197
336625	261759	621369	655433	684933
560718	608064	765445	697582	118890
257999	493390	238972	905802	277851
492836	579721	383330	732897	194375
363672	306394	342120	147260	595264
935632	804644	525545	984736	995007
623616	809331	541897	88725	82579
184657	132462	349033	909206	446036
200911	764573	7993	789697	369202
59699	592160	270091	622668	244171
65351	538762	230933	229490	391166
930398	385034	466120	369973	516429
675343	840660	475262	57041	700827
316648	524394	48402	953132	303669
217203	181312	746433	940380	988393
751935	433936	675460	930417	401275
137003	955143	516203	461020	339885
802649	227240	849930	575204	940905
518596	730039	404674	390624	7326
732621	227359	579239	803990	562181
253270	313104	711631	405170	777349
57011	745176	721347	961651	168419
500479	389400	570706	537972	287684
940811	197917	781438	164442	944315
52341	988403	256538	180171	430091
987665	618983	166687	765806	131702
677218	924629	216892	798043	69337
780843	593671	515123	546662	549846
859966	687963	302478	283347	138810
329136	703167	5684	309717	431288
832819	351809	595026	276680	258001
83058	917299	678324	423277	100265
657751	256050	245547	427478	422765
721388	768778	668520	440592	775419
699594	807184	678580	449166	883469
168811	108380	282782	531811	19463
422107	912583	326972	769954	123828
326031	355373	788123	468055	961885
880526	121212	429656	479439	600954
305262	232311	207389	806443	347550
733724	354075	926313	435803	254214
766619	611959	922691	106998	959297
272990	745654	871589	780149	254576
420494	168612	935980	624851	47654
97174	188175	360664	143190	146838
946880	588198	595064	547416	326784
498441	427340	201301	135790	983342
58631	271323	459270	476118	427458
839809	386919	797101	508879	879992
186870	551876	67844	233052	447690
488654	353497	993164	450154	463016
910125	842248	7463	837437	506077
308590	678320	570016	856122	405318
994129	488499	227405	33512	314441
948366	59744	600279	440422	245354
7588	613751	255534	341983	119008
928975	24572	465381	405768	731866
806110	881889	53759	1740	174343
209380	715142	539052	751228	396971
210463	790840	226215	804318	337079
624767	730717	264038	854096	227391
397549	733893	231941	837940	126761
636741	901739	422333	199490	93140
586533	918805	194440	782866	244853
584389	273189	83509	905744	827359
520216	515064	372207	230197	992954
352973	348925	842270	438132	194253
317205	902617	581549	982410	709118
783688	809410	639960	658463	203089
605342	72598	125716	844731	345302
864658	670064	274388	567245	600071
107985	461297	932211	34610	104062
878592	932102	720903	733489	594795
246707	657599	686283	934691	59365
417562	184499	158691	138040	884793
540887	475820	122504	601325	189256
590024	338899	458133	739159	323151
115547	793896	635936	882474	33688
840352	877706	771463	556982	621591
647457	176727	912740	904088	114697
838004	504793	609476	165553	213049
822649	442414	139372	122252	703821
918301	5439	418407	496259	185181
209862	861081	292174	799536	264679
478596	43993	333679	538912	44032
371370	72938	239659	761994	321292
602086	967631	498180	507128	591043
332446	99689	706756	319702	688630
13953	299664	560516	766192	424324
730331	503034	424479	532930	247197
889651	89612	583129	950159	943307
282287	350024	930380	756450	65533
327794	544554	78477	703692	675892
871386	462796	880725	635616	835118
808110	40780	135322	584652	613045
594054	679161	421586	948117	331277
894758	927654	34000	280609	53961
994705	109509	730707	589740	58169
284521	472295	400577	727055	603451
768123	232206	197981	285140	216183
583831	58027	487976	728121	930807
66615	840866	692003	967170	367041
929913	633242	66800	599526	366007
828908	941416	785124	375789	797626
963798	416562	506235	791208	500969
946765	289767	850819	325447	929596
961787	285480	150697	854783	678908
140091	318515	385351	926597	849567
240833	517133	361936	407039	958215
75782	188224	929671	965184	147600
36994	452729	842404	191080	701781
155384	728851	21977	295022	756914
958148	481835	942528	876521	332426
797407	487133	44858	318784	219690
172046	196690	77956	618784	873174
614114	265862	972716	695219	917220
254888	491772	383499	545956	272883
305801	639197	286415	931862	418879
603889	579400	133655	127272	360462
420474	591157	309278	673945	368863
378638	463347	167692	51912	256751
999420	183311	488445	245844	760452
873838	624605	514070	305447	858230
88107	39362	926323	186160	138101
338078	667023	350309	306727	610284
772696	79337	393008	843977	882921
696087	480784	65903	929670	140041
423520	605405	338269	817675	948017
858703	316877	298728	661688	347778
929662	786973	5597	770483	110115
227065	448852	221095	176116	914798
599544	887857	613368	420706	618908
887466	309734	457981	769966	115629
923283	987930	529096	100296	348308
406540	711075	279398	800087	527227
690449	637682	650783	141817	210548
276963	948689	430269	922879	877501
972799	613513	24656	457214	812049
726550	456439	641647	496074	369843
507989	973800	812411	965575	399529
693062	969199	582086	286035	531352
801937	955845	430347	106686	288856
157428	445822	910492	77097	664845
677040	709432	771077	233928	487408
535361	447065	823040	770576	221961
220169	323439	319085	7273	171033
736296	401492	969879	798198	211226
126508	332382	305843	848552	762843
454547	949800	918645	593349	735765
658819	672679	514550	363613	275104
276769	87966	256172	116038	411458
843903	227417	84676	461440	503122
792811	568877	558957	907220	460339
664285	154473	572888	895000	657027
565932	509704	428288	622542	221864
991450	366763	518623	593937	628045
40674	483300	124983	268710	674641
866812	170976	569186	232412	505687
988898	914726	873353	482019	526008
304597	580250	163257	27150	58792
637009	913790	517311	784424	791015
453944	197700	325604	736967	967027
586588	297433	330387	900288	21481
521835	982778	768816	34551	61525
132581	648221	954464	425142	201727
312925	420735	907098	989916	824452
499374	552632	931635	503277	470333
501544	898560	922695	956143	515215
563607	783814	768302	615776	138020
335262	660042	726315	932316	754013
276663	374189	358033	18080	877859
881722	716083	10138	475660	365109
404309	989378	479946	464235	812061
543327	700895	912733	515933	790787
708591	600246	616707	968099	875583
917401	144042	101605	665687	813225
153719	369889	377422	572454	904549
770467	192635	717268	386660	8699
293489	141360	873051	573628	8347
637647	328680	778642	18589	373861
995175	561952	820344	565153	741567
139989	738038	13491	866134	632902
104619	524743	303714	167067	394741
508104	414508	167923	382052	81642
823840	820294	63838	598192	720122
725323	893096	302907	581917	316787
243150	750533	508522	462602	278263
619806	699809	517056	49811	896183
669528	424434	27964	819178	105264
682623	229847	538631	747595	949489
596564	559030	731150	157810	891886
253570	218208	279742	819608	310816
503025	360809	848392	613579	482732
849909	721728	235820	171910	320228
384598	226207	964485	793611	693938
346697	148291	902567	864095	113491
303892	560893	55555	345625	579065
922161	361533	987390	129298	352005
733616	419322	724064	440367	329886
620112	772051	440454	72019	739842
245785	605198	260578	241927	116170
633518	353822	491115	435273	989384
999217	898326	399557	244681	652304
54478	384806	722440	61932	45115
199380	228140	600972	304321	986193
912823	944267	566133	216434	866706
569465	760983	903567	126903	600605
498407	948550	5087	644126	20279
813594	908708	595628	788474	319231
81819	976483	983907	543069	208744
440883	950813	962224	293079	529659
89684	224710	598432	172702	798863
13699	413842	925435	349840	214024
48668	253391	304774	470153	152262
332879	687463	91671	858615	104632
125620	812397	577970	475785	829336
59470	275272	877218	762179	22214
820205	21802	707862	16916	814543
637851	226329	30498	946589	188320
838296	891789	426128	330392	411063
218869	560657	732880	852043	309995
406456	243743	700713	373463	193875
907801	463403	77313	308859	656080
863790	607461	786277	236537	199405
852355	105720	335570	954665	514056
141615	156288	545853	879045	123931
932482	306338	796743	644952	385417
911099	309395	567936	394479	322625
245284	894138	153387	804831	746816
403167	896994	564840	958154	259190
294861	845552	535728	639426	888993
467767	263179	39315	496317	249689
194463	809148	726790	274685	646454
9166	387521	794463	461882	513708
442577	757594	621882	873929	845280
155979	948373	98702	721529	289412
308778	304385	807750	983131	250131
932888	211382	262946	863426	407375
741173	944517	938862	994468	944879
983316	522569	304688	435657	840750
403844	992774	740180	315991	281534
581452	219270	178115	505987	269649
966191	837567	620964	124703	887193
184128	87553	843368	835919	102256
253996	525376	330437	59308	234350
449160	765998	38227	513493	437557
623308	629964	813489	115925	6781
698546	977623	997452	315638	475419
385547	590527	675371	237308	34725
659553	870177	729773	689095	296504
383202	15400	316303	113639	80212
143405	584657	94488	477054	422274
814749	4985	863161	84363	609485
127407	707556	619140	92894	516212
483230	745515	689325	23200	813001
379430	542419	22754	22866	51524
392779	595952	279202	106750	763534
901893	609278	717150	811271	698758
344503	433618	945864	892834	646139
335870	267398	203968	151418	575543
362378	157574	802714	842967	192467
334202	830464	147138	204387	187781
449878	972123	335650	465320	700009
602456	380028	778435	75386	225656
563439	685535	688760	183731	262708
301499	677878	13332	47210	699198
977096	484394	404068	913970	853109
369780	749101	159158	788511	532682
832313	426374	496901	962071	121124
800826	350559	246090	458121	355618
344956	379285	715509	53485	945911
710324	933234	535182	767652	293945
509056	387181	323115	594136	829690
643084	491164	800016	8942	774074
226248	415625	550996	68146	432757
618443	540638	605645	539330	262695
358128	531708	1909	993559	776077
244048	927522	419403	157620	532897
507546	138609	684879	320901	6003
583899	948185	804298	132816	841882
446288	519453	907253	638197	643924
70044	1652	787163	485429	476346
268909	565935	862017	487070	861863
177921	441924	702187	795914	423312
783394	639767	422578	502152	193874
821139	939868	969410	865409	661918
567513	524644	941913	45843	559014
107629	34050	577118	58133	61198
606075	3234	225763	153559	260982
988482	19592	893247	356941	708203
647342	923449	935750	266055	72566
204639	512616	204484	556276	970200
212866	451191	967748	440390	964398
54708	577812	76484	196295	43530
807273	900208	987323	599059	248957
448471	46671	765115	750345	480921
14967	488236	288439	592864	566720
812491	355260	84763	437046	583323
756810	194533	377240	590781	871708
221640	38441	132587	202512	606749
773777	136040	664961	291580	517647